8 0.459886291850916 0.929092805005214 0.0631711939355654 0.0375391032325339
8 0.452621604548326 0.852971845672575 0.0701200252684776 0.0802919708029197
8 0.413455464308275 0.75104275286757 0.0600126342387871 0.0578727841501564
8 0.484207201516109 0.67570385818561 0.0890713834491472 0.0656934306569343
3 0.391977258370183 0.527893639207508 0.325331648768162 0.465589155370177
3 0.321541377132028 0.460375391032325 0.112444725205306 0.08133472367049
3 0.295325331648768 0.301094890510949 0.464308275426406 0.268508863399374
8 0.445672773215414 0.287017726798749 0.0840176879343019 0.0745568300312826
3 0.417561591914087 0.131647549530761 0.151610865445357 0.159019812304484
8 0.289639924194567 0.0823774765380605 0.0410612760581175 0.0281543274244004
3 0.75142135186355 0.772158498435871 0.370814908401769 0.154327424400417
