1 0.411066048667439 0.255619781631342 0.0643105446118192 0.0500963391136802
1 0.0773464658169177 0.265253692999358 0.0388180764774044 0.0449582530507386
3 0.285631517960603 0.32305716120745 0.20973348783314 0.517662170841362
3 0.188006952491309 0.424213230571612 0.236964078794902 0.226718047527296
8 0.107184241019699 0.565831727681439 0.0753186558516802 0.0680796403339756
8 0.426129779837775 0.481053307642903 0.0469293163383545 0.0770712909441233
8 0.454808806488992 0.589916506101477 0.0614136732329085 0.0610147719974309
3 0.336906141367323 0.760757867694284 0.366743916570104 0.330764290301863
1 0.367902665121669 0.910083493898523 0.0475086906141367 0.0513808606294155
3 0.699304750869062 0.45407835581246 0.485515643105446 0.249197174052665
