3 0.435193519351935 0.590306545153273 0.506750675067507 0.285832642916321
4 0.728172817281728 0.545153272576636 0.063006300630063 0.096106048053024
8 0.703420342034203 0.664043082021541 0.107110711071107 0.131731565865783
8 0.616111611161116 0.608119304059652 0.0783078307830783 0.0778790389395195
8 0.292529252925293 0.650787075393538 0.0954095409540954 0.0903065451532726
8 0.832583258325833 0.492129246064623 0.0918091809180917 0.0894780447390224
8 0.830783078307831 0.759320629660315 0.158415841584158 0.116818558409279
8 0.661566156615662 0.875724937862469 0.14041404140414 0.0828500414250208
3 0.338433843384338 0.308616404308202 0.496849684968497 0.277547638773819
8 0.494149414941494 0.124275062137531 0.0918091809180918 0.0828500414250207
8 0.617461746174617 0.246893123446562 0.081008100810081 0.101077050538525
