1 0.32533889468196 0.575835475578406 0.133472367049009 0.0856898029134533
1 0.420750782064651 0.283204798628963 0.151199165797706 0.10025706940874
1 0.339416058394161 0.444301628106255 0.115745568300313 0.091688089117395
1 0.494786235662148 0.573264781491003 0.122002085505735 0.107969151670951
1 0.510427528675704 0.854755784061697 0.149113660062565 0.1191088260497
1 0.179353493222106 0.750642673521851 0.150156412930136 0.101113967437875
1 0.283628779979145 0.793487574978578 0.145985401459854 0.107969151670951
1 0.169968717413973 0.44987146529563 0.127215849843587 0.0874035989717224
1 0.5140771637122 0.129391602399314 0.129301355578728 0.0874035989717224
1 0.660062565172054 0.610111396743788 0.127215849843587 0.125107112253642
1 0.82429614181439 0.76649528706084 0.142857142857143 0.0985432733504712
